dem.asc
ncols        315
nrows        453
xllcorner    341130.000000000000
yllcorner    1173940.000000000000
cellsize     10.000000000000
[rows 396 to 413 of 453, columns 0 to 41 of 315]
126.5398712158203125 126.63010406494140625 126.6997222900390625 126.7399444580078125 126.76988983154296875 126.79021453857421875 126.8198699951171875 126.8500823974609375 126.890289306640625 126.939788818359375 126.9800872802734375 127.0198516845703125 127.04003143310546875 127.0501708984375 127.04996490478515625 127.04006195068359375 127.010101318359375 126.96994781494140625 126.91016387939453125 126.83974456787109375 126.74015045166015625 126.61993408203125 126.4803619384765625 126.33988189697265625 126.20961761474609375 126.11163330078125 126.1890869140625 126.33109283447265625 126.55008697509765625 126.81963348388671875 127.12029266357421875 127.428955078125 127.73033905029296875 128.01904296875 128.279022216796875 128.5140380859375 128.7681732177734375 128.89874267578125 128.84100341796875 128.81982421875 128.8100738525390625 128.8096923828125
126.5301513671875 126.6099395751953125 126.66008758544921875 126.690032958984375 126.71004486083984375 126.72969818115234375 126.75011444091796875 126.780059814453125 126.8197784423828125 126.8599395751953125 126.9000701904296875 126.9398651123046875 126.960174560546875 126.97979736328125 126.9801788330078125 126.9798583984375 126.95981597900390625 126.92012786865234375 126.87007904052734375 126.8002471923828125 126.7097930908203125 126.58026123046875 126.4392852783203125 126.280487060546875 126.14995574951171875 126.09996795654296875 126.170257568359375 126.31969451904296875 126.5304718017578125 126.79059600830078125 127.07868194580078125 127.3614349365234375 127.649322509765625 127.92012786865234375 128.17041015625 128.4001617431640625 128.642303466796875 128.84979248046875 128.8198089599609375 128.780120849609375 128.79083251953125 128.7797698974609375
126.51998138427734375 126.58986663818359375 126.6200408935546875 126.62999725341796875 126.6298370361328125 126.63043212890625 126.6596527099609375 126.68985748291015625 126.7200927734375 126.76019287109375 126.80991363525390625 126.8499603271484375 126.87996673583984375 126.89996337890625 126.90996551513671875 126.9099273681640625 126.9001007080078125 126.87996673583984375 126.84969329833984375 126.7897491455078125 126.69994354248046875 126.57013702392578125 126.410888671875 126.2488250732421875 126.090545654296875 126.080108642578125 126.1598663330078125 126.30051422119140625 126.51027679443359375 126.759674072265625 127.0293121337890625 127.29950714111328125 127.56970977783203125 127.83050537109375 128.078155517578125 128.2920684814453125 128.540008544921875 128.8444061279296875 128.771331787109375 128.7315673828125 128.8274383544921875 128.7603302001953125
126.49018096923828125 126.560089111328125 126.5701141357421875 126.5497283935546875 126.52014923095703125 126.51959991455078125 126.53043365478515625 126.56993865966796875 126.610015869140625 126.65995025634765625 126.7098388671875 126.75012969970703125 126.789794921875 126.8101654052734375 126.8297576904296875 126.83038330078125 126.83977508544921875 126.83007049560546875 126.8100433349609375 126.77030181884765625 126.70996856689453125 126.59980010986328125 126.42983245849609375 126.2194671630859375 126.03082275390625 126.0595855712890625 126.13996124267578125 126.28057098388671875 126.489166259765625 126.72063446044921875 126.97100067138671875 127.23006439208984375 127.49037933349609375 127.74981689453125 127.98963165283203125 128.2103271484375 128.44451904296875 128.725555419921875 128.729736328125 128.691009521484375 128.7489166259765625 128.700775146484375
126.45957183837890625 126.529815673828125 126.49965667724609375 126.42041778564453125 126.37047576904296875 126.36978912353515625 126.390350341796875 126.43978118896484375 126.49016571044921875 126.54990386962890625 126.60015106201171875 126.6500396728515625 126.6901092529296875 126.71994781494140625 126.74011993408203125 126.75974273681640625 126.7700653076171875 126.77996826171875 126.78009033203125 126.7798614501953125 126.7503662109375 126.66057586669921875 126.4779052734375 126.2082977294921875 125.9720611572265625 126.0292510986328125 126.11043548583984375 126.260162353515625 126.46036529541015625 126.6891326904296875 126.92891693115234375 127.17040252685546875 127.4206085205078125 127.67865753173828125 127.9111785888671875 128.1385955810546875 128.3438568115234375 128.5775604248046875 128.6399383544921875 128.6296234130859375 128.62054443359375 128.6098785400390625
126.34725189208984375 126.42461395263671875 126.3472137451171875 126.2300262451171875 126.17940521240234375 126.190093994140625 126.23955535888671875 126.300140380859375 126.369964599609375 126.43987274169921875 126.5000457763671875 126.55974578857421875 126.60001373291015625 126.62996673583984375 126.6500244140625 126.67008209228515625 126.69012451171875 126.71979522705078125 126.74011993408203125 126.7800140380859375 126.8192138671875 126.75910186767578125 126.5316314697265625 126.20978546142578125 125.97106170654296875 126.00942230224609375 126.10003662109375 126.2501068115234375 126.44011688232421875 126.6512603759765625 126.88063812255859375 127.12005615234375 127.3601226806640625 127.6098785400390625 127.849395751953125 128.070220947265625 128.2695465087890625 128.4408721923828125 128.5296478271484375 128.5200653076171875 128.50042724609375 128.49951171875
126.07373809814453125 126.1171722412109375 126.03534698486328125 125.9307861328125 125.920074462890625 125.980438232421875 126.06992340087890625 126.16010284423828125 126.2500457763671875 126.33007049560546875 126.4000701904296875 126.46013641357421875 126.50998687744140625 126.539947509765625 126.56005859375 126.5799560546875 126.59999847412109375 126.62990570068359375 126.65995025634765625 126.71031951904296875 126.77988433837890625 126.78565216064453125 126.56317901611328125 126.18225860595703125 125.96100616455078125 125.98015594482421875 126.09006500244140625 126.2498931884765625 126.4400482177734375 126.64907073974609375 126.8607177734375 127.08904266357421875 127.3111114501953125 127.55075836181640625 127.78968048095703125 128.0095672607421875 128.1998443603515625 128.3496551513671875 128.429473876953125 128.41046142578125 128.3994598388671875 128.370391845703125
125.685546875 125.685546875 125.63831329345703125 125.61144256591796875 125.6527099609375 125.789398193359375 125.9203948974609375 126.04019927978515625 126.14981842041015625 126.24008941650390625 126.31984710693359375 126.38018035888671875 126.42986297607421875 126.45015716552734375 126.46997833251953125 126.47994232177734375 126.4900665283203125 126.51007080078125 126.53041839599609375 126.56977081298828125 126.59940338134765625 126.5585784912109375 126.3715972900390625 126.05773162841796875 125.94989776611328125 125.9803009033203125 126.10009765625 126.26041412353515625 126.44985198974609375 126.650604248046875 126.8598480224609375 127.07059478759765625 127.2901458740234375 127.51979827880859375 127.74071502685546875 127.9500885009765625 128.129669189453125 128.2599945068359375 128.32965087890625 128.3200836181640625 128.30010986328125 128.2804412841796875
125.61144256591796875 125.61144256591796875 125.61144256591796875 125.61144256591796875 125.61144256591796875 125.67040252685546875 125.8296356201171875 125.9598236083984375 126.07013702392578125 126.1699371337890625 126.25017547607421875 126.31978607177734375 126.35985565185546875 126.370086669921875 126.379730224609375 126.370147705078125 126.37004852294921875 126.379486083984375 126.37973785400390625 126.37955474853515625 126.3598785400390625 126.2806243896484375 126.1411590576171875 125.9613037109375 125.94989776611328125 126.00988006591796875 126.1397552490234375 126.300079345703125 126.480712890625 126.6795196533203125 126.879669189453125 127.0803070068359375 127.29042816162109375 127.5096893310546875 127.71974945068359375 127.9100189208984375 128.070159912109375 128.1899261474609375 128.2505035400390625 128.260223388671875 128.250213623046875 128.2599945068359375
125.66393280029296875 125.61144256591796875 125.61144256591796875 125.61144256591796875 125.61144256591796875 125.65024566650390625 125.789947509765625 125.910125732421875 126.02008056640625 126.1200103759765625 126.1999053955078125 126.26006317138671875 126.2900238037109375 126.29012298583984375 126.280120849609375 126.26004791259765625 126.24007415771484375 126.2201995849609375 126.19989776611328125 126.170806884765625 126.13822174072265625 126.0625762939453125 126.01027679443359375 125.94989776611328125 125.9600982666015625 126.05988311767578125 126.19066619873046875 126.35965728759765625 126.53963470458984375 126.7206573486328125 126.91070556640625 127.1097412109375 127.30992889404296875 127.5105743408203125 127.70987701416015625 127.889892578125 128.0399017333984375 128.1600799560546875 128.2493896484375 128.2596893310546875 128.24029541015625 128.259735107421875
125.7401580810546875 125.68035125732421875 125.6301116943359375 125.61144256591796875 125.62973785400390625 125.70000457763671875 125.7999114990234375 125.90013885498046875 125.9999237060546875 126.0898895263671875 126.16021728515625 126.2198486328125 126.2400054931640625 126.22989654541015625 126.199951171875 126.1600341796875 126.11983489990234375 126.0701446533203125 126.0300445556640625 125.98992156982421875 125.95108795166015625 125.94960784912109375 125.96955108642578125 125.94989776611328125 126.00054168701171875 126.12958526611328125 126.27013397216796875 126.43039703369140625 126.60991668701171875 126.78973388671875 126.9697265625 127.15042877197265625 127.33986663818359375 127.52980804443359375 127.7099609375 127.87963104248046875 128.02001953125 128.1402130126953125 128.2398681640625 128.2501373291015625 128.230010986328125 128.240203857421875
125.7801055908203125 125.73989105224609375 125.7002716064453125 125.68997955322265625 125.70013427734375 125.7498931884765625 125.82012939453125 125.90970611572265625 125.9901275634765625 126.070159912109375 126.13996124267578125 126.18994903564453125 126.19977569580078125 126.17009735107421875 126.11993408203125 126.06000518798828125 125.99977874755859375 125.93016815185546875 125.88013458251953125 125.83975982666015625 125.8101043701171875 125.8408050537109375 125.93833160400390625 125.9517669677734375 126.07935333251953125 126.22022247314453125 126.36949920654296875 126.52062225341796875 126.68955230712890625 126.85991668701171875 127.0300445556640625 127.19959259033203125 127.37024688720703125 127.5496368408203125 127.71024322509765625 127.87018585205078125 128.0101318359375 128.1399688720703125 128.25994873046875 128.260345458984375 128.21026611328125 128.2097015380859375
125.81008148193359375 125.78997802734375 125.7698974609375 125.7598724365234375 125.76010894775390625 125.7901153564453125 125.840057373046875 125.910247802734375 125.98990631103515625 126.06980133056640625 126.13011932373046875 126.1699371337890625 126.16027069091796875 126.11978912353515625 126.04024505615234375 125.95999908447265625 125.879913330078125 125.800445556640625 125.749481201171875 125.7098388671875 125.70072174072265625 125.77979278564453125 125.9011688232421875 126.0486297607421875 126.1996917724609375 126.340240478515625 126.48072052001953125 126.629486083984375 126.77104949951171875 126.93003082275390625 127.089691162109375 127.2403106689453125 127.400390625 127.569580078125 127.72055816650390625 127.87941741943359375 128.0099639892578125 128.131744384765625 128.2977447509765625 128.2882080078125 128.1810150146484375 128.1505584716796875
125.82984161376953125 125.829925537109375 125.8201141357421875 125.81018829345703125 125.81000518798828125 125.82979583740234375 125.86016845703125 125.91970062255859375 125.980224609375 126.06002044677734375 126.1299591064453125 126.1698760986328125 126.15003204345703125 126.0800933837890625 125.97997283935546875 125.869964599609375 125.7701416015625 125.68970489501953125 125.6203765869140625 125.60033416748046875 125.64942169189453125 125.769500732421875 125.9647216796875 126.1809234619140625 126.35010528564453125 126.48989105224609375 126.62006378173828125 126.749847412109375 126.87947845458984375 127.0102386474609375 127.149993896484375 127.290191650390625 127.43972015380859375 127.59014129638671875 127.73964691162109375 127.8802947998046875 128.0097808837890625 128.1101226806640625 128.190521240234375 128.1715850830078125 128.1387786865234375 128.08013916015625
125.83029937744140625 125.86006927490234375 125.86988067626953125 125.85982513427734375 125.8400421142578125 125.84002685546875 125.85984039306640625 125.90001678466796875 125.960052490234375 126.039886474609375 126.119873046875 126.17009735107421875 126.14980316162109375 126.04998016357421875 125.9195556640625 125.78040313720703125 125.670166015625 125.58997344970703125 125.5303192138671875 125.52982330322265625 125.600067138671875 125.8171844482421875 126.17327880859375 126.40667724609375 126.54006195068359375 126.65008544921875 126.759490966796875 126.86031341552734375 126.9701995849609375 127.08974456787109375 127.21013641357421875 127.339630126953125 127.47023773193359375 127.609954833984375 127.75035858154296875 127.8896636962890625 128.0100250244140625 128.109893798828125 128.16973876953125 128.1492919921875 128.041290283203125 127.99005126953125
125.8399658203125 125.889739990234375 125.9002532958984375 125.8799896240234375 125.84012603759765625 125.81995391845703125 125.82012939453125 125.85018157958984375 125.90981292724609375 125.9801483154296875 126.07016754150390625 126.14911651611328125 126.11934661865234375 125.98954010009765625 125.83043670654296875 125.6899261474609375 125.58000946044921875 125.50982666015625 125.47967529296875 125.4995269775390625 125.63584136962890625 126.10636138916015625 126.49324798583984375 126.64902496337890625 126.7201080322265625 126.789886474609375 126.8700103759765625 126.9596405029296875 127.04981231689453125 127.15006256103515625 127.25980377197265625 127.37032318115234375 127.4997711181640625 127.63024139404296875 127.76959991455078125 127.89025115966796875 128.0100555419921875 128.109954833984375 128.1600799560546875 128.13934326171875 128.00897216796875 127.99005126953125
125.81986236572265625 125.87969207763671875 125.90909576416015625 125.8695526123046875 125.80998992919921875 125.77001190185546875 125.76009368896484375 125.77982330322265625 125.82007598876953125 125.88018035888671875 125.95957183837890625 126.0186309814453125 125.98802947998046875 125.85950469970703125 125.71004486083984375 125.5800018310546875 125.48004913330078125 125.4204559326171875 125.430023193359375 125.50293731689453125 125.7986602783203125 126.41490936279296875 126.7824249267578125 126.82045745849609375 126.84004974365234375 126.88002777099609375 126.94000244140625 127.0101470947265625 127.09027099609375 127.1899261474609375 127.29001617431640625 127.3999176025390625 127.52016448974609375 127.64984893798828125 127.78002166748046875 127.90007781982421875 128.0200653076171875 128.1197357177734375 128.169830322265625 128.140899658203125 128.0298004150390625 127.99005126953125
125.73996734619140625 125.7800140380859375 125.7996673583984375 125.76035308837890625 125.71977996826171875 125.68015289306640625 125.66968536376953125 125.67024993896484375 125.69977569580078125 125.73970794677734375 125.7801361083984375 125.8005523681640625 125.76967620849609375 125.67111968994140625 125.56026458740234375 125.46021270751953125 125.3899688720703125 125.37000274658203125 125.42902374267578125 125.5698394775390625 125.9430389404296875 126.39617156982421875 126.6925811767578125 126.81969451904296875 126.87010955810546875 126.92014312744140625 126.979949951171875 127.04985809326171875 127.12998199462890625 127.2199554443359375 127.31015777587890625 127.42008209228515625 127.539825439453125 127.66022491455078125 127.7897796630859375 127.910247802734375 128.029632568359375 128.1203460693359375 128.19989013671875 128.2386627197265625 128.14727783203125 127.99005126953125
