dem.asc
ncols        315
nrows        453
xllcorner    341130.000000000000
yllcorner    1173940.000000000000
cellsize     10.000000000000
[rows 324 to 341 of 453, columns 168 to 209 of 315]
139.3712921142578125 139.59942626953125 139.8474884033203125 139.832733154296875 138.9948883056640625 137.4534912109375 136.350128173828125 136.8707733154296875 138.300933837890625 139.3897857666015625 139.9357757568359375 139.6177215576171875 139.3058319091796875 139.1892242431640625 139.2195892333984375 139.280731201171875 139.37957763671875 139.4799041748046875 139.5802459716796875 139.6899566650390625 139.7997589111328125 139.890411376953125 139.9791259765625 140.051605224609375 140.13885498046875 140.1711578369140625 140.16021728515625 140.11285400390625 140.1493682861328125 140.17913818359375 140.190093994140625 140.2002105712890625 140.2198333740234375 140.2301788330078125 140.2400970458984375 140.249908447265625 140.24005126953125 140.2203216552734375 140.1996612548828125 140.1595611572265625 140.1104278564453125 140.078857421875
139.353546142578125 139.6548309326171875 139.926971435546875 139.4520111083984375 138.1714630126953125 136.699615478515625 136.350128173828125 137.6190338134765625 138.899017333984375 139.534637451171875 139.7159423828125 139.467529296875 139.2702484130859375 139.1892242431640625 139.1902923583984375 139.2496337890625 139.330108642578125 139.4299468994140625 139.529937744140625 139.63006591796875 139.7301483154296875 139.8198699951171875 139.8903961181640625 139.9691619873046875 140.0004119873046875 140.030731201171875 140.0601654052734375 140.088287353515625 140.0802459716796875 140.090240478515625 140.1099395751953125 140.1300048828125 140.1499481201171875 140.1598968505859375 140.160064697265625 140.1600189208984375 140.1497955322265625 140.11993408203125 140.0802459716796875 140.040283203125 140.009735107421875 139.98077392578125
139.27984619140625 139.5298309326171875 139.408233642578125 138.477752685546875 137.1001739501953125 136.2879791259765625 137.00262451171875 138.5063323974609375 139.4145660400390625 139.513092041015625 139.4639739990234375 139.3259735107421875 139.209442138671875 139.15997314453125 139.1602325439453125 139.210235595703125 139.29010009765625 139.3900299072265625 139.4900665283203125 139.5901336669921875 139.68988037109375 139.7700347900390625 139.830230712890625 139.8902740478515625 139.930419921875 139.9887847900390625 139.9897613525390625 139.9804534912109375 139.9899139404296875 140.0001220703125 140.0200958251953125 140.050018310546875 140.0700225830078125 140.0799560546875 140.0800933837890625 140.0700836181640625 140.0500030517578125 140.019866943359375 139.9799041748046875 139.939910888671875 139.910064697265625 139.8899383544921875
139.2710723876953125 139.1119232177734375 138.38287353515625 137.23614501953125 136.2879791259765625 136.5740203857421875 137.994384765625 139.3110809326171875 139.794158935546875 139.6129302978515625 139.3371734619140625 139.1231842041015625 139.0697174072265625 139.08990478515625 139.1297149658203125 139.18994140625 139.2701568603515625 139.3699798583984375 139.4700775146484375 139.5699310302734375 139.6600341796875 139.7398529052734375 139.7998809814453125 139.8496551513671875 139.8696746826171875 139.880035400390625 139.879974365234375 139.8703155517578125 139.8897857666015625 139.90985107421875 139.93017578125 139.96966552734375 139.9900054931640625 140.0003662109375 140.009796142578125 139.9899139404296875 139.95013427734375 139.9101409912109375 139.86993408203125 139.830169677734375 139.8097991943359375 139.790008544921875
138.7850494384765625 138.1492919921875 137.1219482421875 136.2879791259765625 136.4344329833984375 137.6236572265625 139.05938720703125 139.92657470703125 139.972259521484375 139.6918792724609375 139.3441619873046875 139.009521484375 138.99285888671875 139.009307861328125 139.0702362060546875 139.1599578857421875 139.25994873046875 139.360015869140625 139.4600372314453125 139.5498809814453125 139.6300201416015625 139.7000579833984375 139.7500762939453125 139.779876708984375 139.7701568603515625 139.750244140625 139.759674072265625 139.7597503662109375 139.7703094482421875 139.7999114990234375 139.8299713134765625 139.8702239990234375 139.9100341796875 139.939788818359375 139.94000244140625 139.9100341796875 139.860137939453125 139.8098602294921875 139.7600555419921875 139.7200927734375 139.7000579833984375 139.68988037109375
137.52972412109375 136.860137939453125 136.192138671875 136.4058837890625 137.412139892578125 138.793701171875 139.8440704345703125 140.2046966552734375 140.04473876953125 139.7412261962890625 139.3996429443359375 139.079071044921875 138.99285888671875 138.99285888671875 139.0201873779296875 139.13018798828125 139.249847412109375 139.3502655029296875 139.4494476318359375 139.5202484130859375 139.5999908447265625 139.6697845458984375 139.7100677490234375 139.7199554443359375 139.689788818359375 139.6309051513671875 139.62969970703125 139.630401611328125 139.6497650146484375 139.679931640625 139.72015380859375 139.7798004150390625 139.8300933837890625 139.87005615234375 139.8701324462890625 139.8298187255859375 139.7695159912109375 139.7002716064453125 139.649932861328125 139.609954833984375 139.5899658203125 139.5802001953125
136.292938232421875 136.0517425537109375 136.4768218994140625 137.5370941162109375 138.7435760498046875 139.712860107421875 140.2187347412109375 140.24139404296875 140.05914306640625 139.7705078125 139.4580535888671875 139.1550750732421875 138.99285888671875 138.99285888671875 139.0000762939453125 139.120025634765625 139.239837646484375 139.33953857421875 139.4103851318359375 139.4900970458984375 139.5700225830078125 139.640167236328125 139.6898040771484375 139.6901397705078125 139.6502532958984375 139.5798797607421875 139.5201873779296875 139.5194854736328125 139.5203704833984375 139.550048828125 139.60015869140625 139.6697998046875 139.740020751953125 139.799774169921875 139.7995758056640625 139.7205047607421875 139.6404876708984375 139.5798187255859375 139.5298919677734375 139.4903411865234375 139.47979736328125 139.479888916015625
135.936431884765625 136.6344146728515625 137.7715301513671875 138.9168243408203125 139.74102783203125 140.2000274658203125 140.31085205078125 140.229949951171875 140.0303192138671875 139.76910400390625 139.481353759765625 139.216217041015625 138.99285888671875 138.99285888671875 138.99285888671875 139.1097259521484375 139.21002197265625 139.30010986328125 139.380035400390625 139.4697113037109375 139.5501556396484375 139.6299285888671875 139.6901092529296875 139.71002197265625 139.6798095703125 139.570404052734375 139.4313507080078125 139.3995208740234375 139.3998870849609375 139.4201812744140625 139.4699554443359375 139.5304412841796875 139.6096649169921875 139.6783905029296875 139.677581787109375 139.589569091796875 139.500335693359375 139.4398651123046875 139.399871826171875 139.3794403076171875 139.37054443359375 139.390716552734375
136.951507568359375 138.1506805419921875 139.2878570556640625 140.003570556640625 140.2975616455078125 140.3621368408203125 140.3202362060546875 140.19000244140625 139.98968505859375 139.74981689453125 139.490325927734375 139.2502593994140625 139.0386199951171875 138.99285888671875 138.99285888671875 139.079498291015625 139.1700286865234375 139.25982666015625 139.3401031494140625 139.43017578125 139.5298004150390625 139.6201019287109375 139.7097320556640625 139.7603607177734375 139.7599639892578125 139.64874267578125 139.4407501220703125 139.2911224365234375 139.2794952392578125 139.29022216796875 139.329498291015625 139.3698883056640625 139.419891357421875 139.459991455078125 139.449951171875 139.390045166015625 139.32806396484375 139.2798004150390625 139.26025390625 139.2611236572265625 139.3098602294921875 139.349029541015625
138.6123199462890625 139.68499755859375 140.39971923828125 140.618865966796875 140.5684814453125 140.471710205078125 140.3411712646484375 140.170867919921875 139.961883544921875 139.740234375 139.501312255859375 139.27960205078125 139.0798797607421875 138.99285888671875 138.99285888671875 139.0303802490234375 139.119873046875 139.210113525390625 139.300018310546875 139.390045166015625 139.489959716796875 139.589996337890625 139.7000885009765625 139.809326171875 139.83905029296875 139.717620849609375 139.4668121337890625 139.2233123779296875 139.1600341796875 139.15960693359375 139.1703033447265625 139.190460205078125 139.210693359375 139.2291412353515625 139.20733642578125 139.1690521240234375 139.12200927734375 139.131011962890625 139.1800384521484375 139.2295989990234375 139.2596435546875 139.26019287109375
139.9612274169921875 140.643585205078125 140.9420623779296875 140.9019775390625 140.769073486328125 140.608856201171875 140.4285430908203125 140.2196807861328125 139.9993133544921875 139.769866943359375 139.53875732421875 139.30999755859375 139.110748291015625 138.99285888671875 138.9996185302734375 139.0301666259765625 139.0799102783203125 139.1699371337890625 139.259857177734375 139.3401031494140625 139.429931640625 139.5200958251953125 139.6204986572265625 139.7293548583984375 139.7675323486328125 139.6551361083984375 139.4106903076171875 139.1897735595703125 139.0605316162109375 139.03021240234375 139.0300750732421875 139.038970947265625 139.029510498046875 139.01953125 138.9729156494140625 139.000823974609375 139.04998779296875 139.1095123291015625 139.1500091552734375 139.189483642578125 139.1900482177734375 139.1802215576171875
140.6151580810546875 140.9283447265625 141.010955810546875 140.9499664306640625 140.8101959228515625 140.6400299072265625 140.4495086669921875 140.239898681640625 140.01959228515625 139.7895965576171875 139.5607757568359375 139.340576171875 139.14886474609375 138.99285888671875 139.0189361572265625 139.049652099609375 139.04180908203125 139.12945556640625 139.20989990234375 139.2798614501953125 139.349945068359375 139.4198760986328125 139.489532470703125 139.539825439453125 139.5314178466796875 139.4402923583984375 139.271148681640625 139.1081085205078125 138.9709320068359375 138.9295806884765625 138.9097747802734375 138.8905487060546875 138.88116455078125 138.9102325439453125 138.940032958984375 138.9897308349609375 139.0397491455078125 139.0895843505859375 139.1099700927734375 139.1202239990234375 139.1201324462890625 139.120086669921875
140.7232513427734375 140.89080810546875 140.939849853515625 140.8798980712890625 140.75958251953125 140.5992431640625 140.410552978515625 140.2194366455078125 140.009521484375 139.7909088134765625 139.588714599609375 139.3800506591796875 139.1897125244140625 139.03021240234375 138.99285888671875 139.0899200439453125 139.0992889404296875 139.090484619140625 139.14996337890625 139.2001953125 139.2499847412109375 139.290252685546875 139.320220947265625 139.33038330078125 139.3003082275390625 139.2200927734375 139.108184814453125 138.9711151123046875 138.889129638671875 138.8308258056640625 138.820587158203125 138.8399200439453125 138.8693695068359375 138.900299072265625 138.959197998046875 138.9897613525390625 139.01019287109375 139.040130615234375 139.059967041015625 139.0699462890625 139.069976806640625 139.0700531005859375
140.6794586181640625 140.7698516845703125 140.7891082763671875 140.73016357421875 140.629486083984375 140.4903564453125 140.3296356201171875 140.1595001220703125 139.9704437255859375 139.77947998046875 139.5904083251953125 139.4094696044921875 139.230194091796875 139.068756103515625 138.99285888671875 139.1353607177734375 139.1201934814453125 139.0703582763671875 139.1094818115234375 139.1399078369140625 139.16015625 139.1796722412109375 139.1702117919921875 139.14971923828125 139.0989837646484375 139.009368896484375 138.9293060302734375 138.8405914306640625 138.7912445068359375 138.799468994140625 138.79962158203125 138.80975341796875 138.840179443359375 138.8896942138671875 138.9302215576171875 138.9601287841796875 138.9800262451171875 138.999969482421875 139.010040283203125 139.01995849609375 139.0199737548828125 139.020172119140625
140.5189666748046875 140.5698089599609375 140.5703887939453125 140.529693603515625 140.450531005859375 140.3491058349609375 140.210968017578125 140.0700531005859375 139.91973876953125 139.7506866455078125 139.5901641845703125 139.4306640625 139.27972412109375 139.1295623779296875 138.9994964599609375 138.99285888671875 139.10870361328125 139.0894317626953125 139.0703582763671875 139.0798187255859375 139.0799560546875 139.0701141357421875 139.039825439453125 138.989776611328125 138.9200439453125 138.8219757080078125 138.7908172607421875 138.7898406982421875 138.789306640625 138.76995849609375 138.750152587890625 138.7505645751953125 138.7996978759765625 138.8602142333984375 138.910064697265625 138.9399566650390625 138.9499664306640625 138.9598846435546875 138.9601593017578125 138.969940185546875 138.970123291015625 138.9798736572265625
140.280242919921875 140.3187713623046875 140.3199920654296875 140.2987060546875 140.2495880126953125 140.1796417236328125 140.088958740234375 139.97039794921875 139.859344482421875 139.7297210693359375 139.599700927734375 139.4693756103515625 139.3301849365234375 139.190093994140625 139.050445556640625 138.98052978515625 139.0785369873046875 139.0604095458984375 139.0301055908203125 139.020355224609375 139.0099945068359375 138.9898529052734375 138.94036865234375 138.8809661865234375 138.840118408203125 138.79962158203125 138.7798919677734375 138.7699737548828125 138.7597503662109375 138.7299957275390625 138.710113525390625 138.7098846435546875 138.740234375 138.839691162109375 138.9001922607421875 138.919921875 138.9102783203125 138.9099273681640625 138.9100494384765625 138.9198455810546875 138.9201202392578125 138.9299468994140625
140.0099639892578125 140.0306243896484375 140.038238525390625 140.0310821533203125 140.019744873046875 139.9808807373046875 139.929656982421875 139.8500213623046875 139.7603302001953125 139.670013427734375 139.5701446533203125 139.4703216552734375 139.3798828125 139.2697296142578125 139.12823486328125 138.962249755859375 138.9994659423828125 139.0295257568359375 139.0004730224609375 138.9993896484375 138.9703369140625 138.9503326416015625 138.919921875 138.879150390625 138.8198699951171875 138.780059814453125 138.769439697265625 138.739837646484375 138.7100982666015625 138.6802978515625 138.6697235107421875 138.659881591796875 138.6614532470703125 138.797943115234375 138.88934326171875 138.8898773193359375 138.8697967529296875 138.850189208984375 138.8499908447265625 138.8599395751953125 138.8698883056640625 138.8801422119140625
139.73040771484375 139.7383880615234375 139.741851806640625 139.770294189453125 139.7996673583984375 139.7996063232421875 139.77044677734375 139.72979736328125 139.6701202392578125 139.6100006103515625 139.5398406982421875 139.469940185546875 139.4098358154296875 139.3298797607421875 139.1988067626953125 139.0193023681640625 138.9213714599609375 138.9889068603515625 138.980377197265625 138.9703521728515625 138.960113525390625 138.9491424560546875 138.8997650146484375 138.830413818359375 138.77008056640625 138.730133056640625 138.7099609375 138.6803131103515625 138.6599273681640625 138.6397705078125 138.6203155517578125 138.619537353515625 138.6102752685546875 138.67193603515625 138.797119140625 138.80023193359375 138.790130615234375 138.7799835205078125 138.7800445556640625 138.7901763916015625 138.8099517822265625 138.8300018310546875
