dem.asc
ncols        315
nrows        453
xllcorner    341130.000000000000
yllcorner    1173940.000000000000
cellsize     10.000000000000
[rows 198 to 215 of 453, columns 126 to 167 of 315]
140.7299346923828125 141.0496063232421875 141.38873291015625 141.741668701171875 142.1230621337890625 142.447357177734375 142.5484161376953125 142.898590087890625 143.3155670166015625 143.6766204833984375 143.90899658203125 143.9995880126953125 143.98016357421875 143.9000701904296875 143.789764404296875 143.6709136962890625 143.5895233154296875 143.5602569580078125 143.5599212646484375 143.53009033203125 143.490570068359375 143.43572998046875 143.4020233154296875 143.4471588134765625 143.4499053955078125 143.369873046875 143.2602386474609375 143.13983154296875 143.0010986328125 142.8583221435546875 142.7236328125 142.7606658935546875 142.8988189697265625 143.049285888671875 143.2210845947265625 143.439788818359375 143.6809539794921875 143.9385528564453125 144.180419921875 144.3834686279296875 144.5381011962890625 144.580810546875
140.918914794921875 141.229949951171875 141.5504913330078125 141.876251220703125 142.230682373046875 142.3967132568359375 142.6092529296875 142.9039154052734375 143.2125244140625 143.45233154296875 143.60107421875 143.66925048828125 143.6689605712890625 143.628692626953125 143.5683746337890625 143.498748779296875 143.4412841796875 143.4599151611328125 143.4895782470703125 143.4799652099609375 143.4595794677734375 143.4116363525390625 143.4020233154296875 143.4106292724609375 143.3599700927734375 143.2501983642578125 143.129852294921875 143.0003662109375 142.8688812255859375 142.731170654296875 142.710174560546875 142.8085784912109375 142.9402313232421875 143.110076904296875 143.30963134765625 143.539581298828125 143.79638671875 144.056793212890625 144.31695556640625 144.5161590576171875 144.5409393310546875 144.59014892578125
141.09991455078125 141.40093994140625 141.7064056396484375 142.0079498291015625 142.344573974609375 142.46124267578125 142.6917724609375 142.98077392578125 143.20025634765625 143.3085784912109375 143.339752197265625 143.348876953125 143.33868408203125 143.3198699951171875 143.30078125 143.2906341552734375 143.29998779296875 143.349822998046875 143.399932861328125 143.4201507568359375 143.4201507568359375 143.3994140625 143.361053466796875 143.3398895263671875 143.269317626953125 143.14068603515625 143.0205230712890625 142.90020751953125 142.7801055908203125 142.710174560546875 142.72991943359375 142.830291748046875 142.980377197265625 143.170440673828125 143.389923095703125 143.6301422119140625 143.9037017822265625 144.237823486328125 144.4729461669921875 144.500823974609375 144.520599365234375 144.5899658203125
141.283050537109375 141.5558929443359375 141.819854736328125 142.124114990234375 142.4470062255859375 142.495452880859375 142.7594146728515625 143.06695556640625 143.1880340576171875 143.1205596923828125 143.0496673583984375 143.0090179443359375 142.988494873046875 142.9976043701171875 143.026458740234375 143.0781097412109375 143.140472412109375 143.230560302734375 143.3205108642578125 143.3804473876953125 143.3898773193359375 143.3609771728515625 143.330535888671875 143.2808990478515625 143.181488037109375 143.060943603515625 142.94976806640625 142.828399658203125 142.7005157470703125 142.68890380859375 142.750091552734375 142.8601531982421875 143.029937744140625 143.2393341064453125 143.4801025390625 143.7512969970703125 144.086822509765625 144.4076690673828125 144.37347412109375 144.4304046630859375 144.4998779296875 144.5798492431640625
141.489898681640625 141.6630859375 141.870147705078125 142.1616058349609375 142.3679046630859375 142.4945068359375 142.7095794677734375 142.984893798828125 142.968963623046875 142.8108673095703125 142.71356201171875 142.67425537109375 142.657928466796875 142.6870269775390625 142.7305145263671875 142.8366241455078125 142.9723968505859375 143.1307373046875 143.279296875 143.3689422607421875 143.3505096435546875 143.347625732421875 143.3170166015625 143.271087646484375 143.147369384765625 142.9932861328125 142.84686279296875 142.700469970703125 142.580657958984375 142.5718536376953125 142.7378387451171875 142.8708038330078125 143.05950927734375 143.281158447265625 143.5607757568359375 143.901641845703125 144.2390899658203125 144.2932281494140625 144.3298492431640625 144.3994903564453125 144.47003173828125 144.559783935546875
141.7193603515625 141.79132080078125 141.9072113037109375 142.2416534423828125 142.585693359375 142.3793182373046875 142.4403839111328125 142.5120849609375 142.437469482421875 142.36187744140625 142.4186859130859375 142.4860382080078125 142.552154541015625 142.60687255859375 142.613037109375 142.649444580078125 142.758270263671875 142.9418487548828125 143.1066741943359375 143.1930694580078125 143.1559600830078125 143.080780029296875 143.0009765625 142.9047698974609375 142.7696533203125 142.6859283447265625 142.6221160888671875 142.5699615478515625 142.51983642578125 142.5405731201171875 142.709625244140625 142.8700714111328125 143.060089111328125 143.2796630859375 143.5385589599609375 143.8342132568359375 144.1568145751953125 144.2074127197265625 144.2496490478515625 144.3201141357421875 144.4102935791015625 144.5201873779296875
141.729766845703125 141.8784332275390625 142.04229736328125 142.6425628662109375 143.56243896484375 142.55377197265625 142.2544708251953125 142.2428436279296875 142.2416839599609375 142.2424163818359375 142.284698486328125 142.3061981201171875 142.2364654541015625 142.08380126953125 141.9386749267578125 141.9244537353515625 142.115814208984375 142.4261932373046875 142.6803131103515625 142.785675048828125 142.761505126953125 142.6748504638671875 142.594879150390625 142.5337371826171875 142.4893035888671875 142.47052001953125 142.470245361328125 142.4795074462890625 142.4813995361328125 142.5301055908203125 142.6990203857421875 142.8603515625 143.039947509765625 143.23004150390625 143.430328369140625 143.63262939453125 143.8216400146484375 143.9469146728515625 144.091217041015625 144.220428466796875 144.3495635986328125 144.4791717529296875
141.500946044921875 141.76959228515625 142.0496826171875 142.3765411376953125 142.6553802490234375 142.0818634033203125 141.71246337890625 141.5341033935546875 141.455780029296875 141.4188232421875 141.34808349609375 141.1895294189453125 140.95703125 140.6830596923828125 140.4874725341796875 140.5400238037109375 140.9352874755859375 141.5081787109375 141.9852294921875 142.230224609375 142.2630615234375 142.2033233642578125 142.1552581787109375 142.153076171875 142.1954193115234375 142.2665557861328125 142.3387298583984375 142.4018402099609375 142.5262603759765625 142.511749267578125 142.6790924072265625 142.8496856689453125 143.0199432373046875 143.1902923583984375 143.3609466552734375 143.54046630859375 143.7198028564453125 143.8787689208984375 144.0288238525390625 144.1496734619140625 144.2602996826171875 144.3805084228515625
141.1704254150390625 141.381988525390625 141.6129608154296875 141.75885009765625 141.7401580810546875 141.2953033447265625 140.780303955078125 140.31109619140625 139.930511474609375 139.60662841796875 139.2595977783203125 138.862762451171875 138.5406646728515625 138.324737548828125 138.2610931396484375 138.491790771484375 139.11981201171875 140.0418701171875 140.876922607421875 141.43328857421875 141.6379852294921875 141.6359405517578125 141.60540771484375 141.6532440185546875 141.7902069091796875 141.9722137451171875 142.161834716796875 142.3292388916015625 142.401580810546875 142.4805450439453125 142.649566650390625 142.8297271728515625 143.0103759765625 143.189910888671875 143.3600921630859375 143.5202789306640625 143.679718017578125 143.8104095458984375 143.9402313232421875 144.0597381591796875 144.1696624755859375 144.2808685302734375
140.67071533203125 140.8732452392578125 141.0890045166015625 141.1748199462890625 140.9795074462890625 140.3973846435546875 139.5754241943359375 138.6945953369140625 137.8832550048828125 137.16510009765625 136.5225677490234375 135.962860107421875 135.688720703125 135.714599609375 135.921539306640625 136.3632354736328125 136.9994049072265625 138.1359710693359375 139.3149871826171875 140.3333282470703125 140.880401611328125 140.9889373779296875 140.9759521484375 141.078765869140625 141.33544921875 141.675201416015625 142.013641357421875 142.287261962890625 142.3592681884765625 142.458465576171875 142.621124267578125 142.811004638671875 143.019439697265625 143.210693359375 143.38946533203125 143.5303955078125 143.6595458984375 143.7597808837890625 143.859893798828125 143.960296630859375 144.0702056884765625 144.1897735595703125
140.1725311279296875 140.327178955078125 140.490966796875 140.496673583984375 140.1644134521484375 139.3759002685546875 138.226654052734375 136.967681884765625 135.8194580078125 135.273712158203125 135.273712158203125 135.273712158203125 135.273712158203125 135.273712158203125 135.32586669921875 135.77008056640625 135.77008056640625 136.4215240478515625 137.6012115478515625 139.05389404296875 140.0409698486328125 140.3068389892578125 140.290924072265625 140.4310455322265625 140.8350677490234375 141.3835601806640625 141.891143798828125 142.235748291015625 142.24224853515625 142.357330322265625 142.6053619384765625 142.81060791015625 143.02978515625 143.2391815185546875 143.409942626953125 143.539703369140625 143.6103057861328125 143.680145263671875 143.7700347900390625 143.8699188232421875 143.979644775390625 144.09039306640625
139.727752685546875 139.6751251220703125 139.5486907958984375 139.3306121826171875 138.9166412353515625 138.088836669921875 136.8229522705078125 135.4761962890625 135.273712158203125 135.273712158203125 135.273712158203125 135.273712158203125 135.405364990234375 136.3382720947265625 137.151153564453125 137.6108245849609375 137.3068695068359375 136.6547088623046875 136.44024658203125 137.866607666015625 139.1979217529296875 139.6510162353515625 139.581573486328125 139.643463134765625 140.178497314453125 140.9972686767578125 141.766998291015625 142.2168731689453125 142.251434326171875 142.3894805908203125 142.5693817138671875 142.7883758544921875 143.011322021484375 143.21856689453125 143.3782501220703125 143.4975738525390625 143.5389862060546875 143.5900115966796875 143.6797027587890625 143.7799072265625 143.889892578125 143.9998016357421875
138.855194091796875 138.551116943359375 137.956939697265625 137.4655303955078125 137.0554962158203125 136.40557861328125 135.3739013671875 135.273712158203125 135.273712158203125 135.273712158203125 135.560211181640625 136.5713348388671875 137.70135498046875 138.7116546630859375 139.35516357421875 139.5893096923828125 139.137054443359375 137.95001220703125 136.598541259765625 137.1191253662109375 138.2922515869140625 138.7731475830078125 138.6704254150390625 138.6293792724609375 139.4193267822265625 140.614715576171875 141.66827392578125 142.14166259765625 142.1993560791015625 142.1717376708984375 142.438812255859375 142.7103271484375 142.972259521484375 143.122650146484375 143.223480224609375 143.312286376953125 143.3717803955078125 143.480255126953125 143.6004180908203125 143.720611572265625 143.8405914306640625 143.9511871337890625
137.2256011962890625 136.850677490234375 136.0743865966796875 135.4673309326171875 135.273712158203125 135.273712158203125 135.273712158203125 135.273712158203125 135.698394775390625 136.5549774169921875 137.4921417236328125 138.555267333984375 139.68707275390625 140.5126190185546875 140.8468780517578125 140.7326507568359375 140.33782958984375 139.2547454833984375 137.677642822265625 136.7083892822265625 137.3165435791015625 137.68817138671875 137.6376800537109375 137.6347198486328125 138.8892364501953125 140.5146026611328125 141.7035064697265625 142.1705322265625 142.16851806640625 142.2461700439453125 142.455810546875 142.693756103515625 142.9306182861328125 143.03900146484375 143.14703369140625 143.258148193359375 143.352752685546875 143.4950408935546875 143.6545562744140625 143.8023681640625 143.9309844970703125 144.0200958251953125
135.3030242919921875 135.1592254638671875 135.2440643310546875 135.273712158203125 135.273712158203125 135.273712158203125 135.40625 136.5357208251953125 137.667724609375 138.48309326171875 139.186767578125 139.9531097412109375 140.7153472900390625 141.2286529541015625 141.2912445068359375 140.910675048828125 140.78173828125 140.228179931640625 139.137298583984375 137.992218017578125 137.4920806884765625 137.3199005126953125 137.56500244140625 138.384033203125 139.7559051513671875 141.187744140625 142.0421295166015625 142.111083984375 141.9212493896484375 141.9212493896484375 141.9212493896484375 142.09490966796875 142.2235565185546875 142.3053436279296875 142.5453948974609375 142.9549713134765625 143.3620758056640625 143.656280517578125 143.8606414794921875 143.9917449951171875 144.08074951171875 144.09063720703125
134.70611572265625 135.5493316650390625 136.533905029296875 136.6961517333984375 136.36572265625 136.4360504150390625 137.138458251953125 138.2477569580078125 139.253204345703125 139.8649444580078125 140.274383544921875 140.691558837890625 141.053802490234375 141.2858734130859375 141.37939453125 141.25531005859375 141.1520843505859375 140.9848785400390625 140.5091094970703125 139.901031494140625 139.51171875 139.360687255859375 139.50732421875 140.2781982421875 141.3079833984375 142.0532073974609375 141.9212493896484375 141.9212493896484375 141.9212493896484375 141.9212493896484375 141.9212493896484375 141.9212493896484375 141.9212493896484375 141.9212493896484375 141.9212493896484375 142.0391082763671875 142.75762939453125 143.3380889892578125 143.7271575927734375 143.9490203857421875 144.017486572265625 143.93060302734375
135.1375274658203125 136.5396575927734375 137.7582550048828125 138.0440216064453125 137.81280517578125 137.8636322021484375 138.4077606201171875 139.2494049072265625 140.019744873046875 140.4990386962890625 140.7913360595703125 141.0588226318359375 141.2495880126953125 141.3402557373046875 141.3912506103515625 141.467742919921875 141.4776611328125 141.46527099609375 141.4010009765625 141.2822723388671875 141.212738037109375 141.2351837158203125 141.3747406005859375 141.7523651123046875 142.12091064453125 142.137237548828125 141.9212493896484375 141.9212493896484375 141.9212493896484375 141.9212493896484375 141.9212493896484375 141.9212493896484375 141.9212493896484375 141.9212493896484375 141.9212493896484375 141.9212493896484375 141.9212493896484375 141.93255615234375 142.4841461181640625 142.87957763671875 143.0182647705078125 142.842071533203125
135.9649200439453125 137.2024383544921875 138.2766876220703125 138.6630706787109375 138.6112518310546875 138.6818084716796875 139.0395965576171875 139.6132049560546875 140.201751708984375 140.6639862060546875 140.9825897216796875 141.1980438232421875 141.328765869140625 141.3699493408203125 141.4009552001953125 141.5197296142578125 141.6106719970703125 141.6994781494140625 141.7624664306640625 141.8416595458984375 141.922698974609375 142.0076904296875 142.071929931640625 142.1695098876953125 142.1836090087890625 142.1161346435546875 141.9212493896484375 141.9212493896484375 141.9212493896484375 141.9212493896484375 141.9212493896484375 141.9212493896484375 141.9212493896484375 141.9212493896484375 141.9212493896484375 141.9212493896484375 141.9212493896484375 141.9212493896484375 141.9212493896484375 141.9212493896484375 141.9212493896484375 141.9212493896484375
