dem.asc
ncols        315
nrows        453
xllcorner    341130.000000000000
yllcorner    1173940.000000000000
cellsize     10.000000000000
[rows 234 to 251 of 453, columns 168 to 209 of 315]
144.5901641845703125 144.57977294921875 144.5702667236328125 144.5797882080078125 144.5999298095703125 144.639801025390625 144.6886749267578125 144.72998046875 144.7515106201171875 144.830810546875 144.92974853515625 145.0489044189453125 145.159820556640625 145.270843505859375 145.4090423583984375 145.5510711669921875 145.7199249267578125 145.9007720947265625 146.111541748046875 146.3405914306640625 146.569305419921875 146.7649078369140625 146.914581298828125 147.1588897705078125 147.350830078125 147.48992919921875 147.5699920654296875 147.620361328125 147.680084228515625 147.740081787109375 147.8095550537109375 147.837646484375 147.7404937744140625 147.6501312255859375 147.569976806640625 147.4803009033203125 147.3996124267578125 147.3001861572265625 147.209869384765625 147.1103057861328125 147.0199432373046875 146.9301910400390625
144.60980224609375 144.600341796875 144.609588623046875 144.6099853515625 144.6295013427734375 144.669921875 144.682373046875 144.798980712890625 144.8695068359375 144.9597625732421875 145.0699005126953125 145.190032958984375 145.309326171875 145.4204254150390625 145.560394287109375 145.7098388671875 145.8790740966796875 146.0605926513671875 146.2690277099609375 146.480010986328125 146.690826416015625 146.8880767822265625 147.022247314453125 147.2093353271484375 147.3797454833984375 147.5001983642578125 147.58001708984375 147.640289306640625 147.6991424560546875 147.7391510009765625 147.7494964599609375 147.7116546630859375 147.689300537109375 147.610443115234375 147.5399627685546875 147.4598236083984375 147.3701171875 147.2802276611328125 147.199951171875 147.119964599609375 147.0399932861328125 146.9700469970703125
144.620025634765625 144.6197509765625 144.6197662353515625 144.620208740234375 144.6320648193359375 144.7486572265625 144.8093109130859375 144.8904571533203125 144.9801483154296875 145.0899810791015625 145.20965576171875 145.33013916015625 145.4499969482421875 145.570343017578125 145.7188720703125 145.86053466796875 146.0213165283203125 146.2093658447265625 146.409454345703125 146.6101837158203125 146.810028076171875 147.000244140625 147.1588897705078125 147.2838897705078125 147.42950439453125 147.529571533203125 147.5800018310546875 147.6287841796875 147.6110382080078125 147.6206817626953125 147.6304473876953125 147.6297760009765625 147.6100311279296875 147.5696868896484375 147.5001220703125 147.4200592041015625 147.3398895263671875 147.2696380615234375 147.1903076171875 147.1297607421875 147.06011962890625 147.0099639892578125
144.6298980712890625 144.63006591796875 144.6411590576171875 144.6997222900390625 144.7589569091796875 144.830810546875 144.9199676513671875 145.009674072265625 145.1005096435546875 145.2197113037109375 145.3402252197265625 145.4694976806640625 145.5900115966796875 145.71063232421875 145.85968017578125 146.00970458984375 146.169647216796875 146.3403472900390625 146.530853271484375 146.7295379638671875 146.92047119140625 147.110992431640625 147.2885589599609375 147.4278411865234375 147.47027587890625 147.5196075439453125 147.5304718017578125 147.550537109375 147.5596771240234375 147.5597991943359375 147.5500335693359375 147.539642333984375 147.5102996826171875 147.4897003173828125 147.439605712890625 147.3596954345703125 147.2802276611328125 147.2299957275390625 147.1799774169921875 147.129913330078125 147.080230712890625 147.04986572265625
144.650299072265625 144.680450439453125 144.749114990234375 144.800201416015625 144.8701019287109375 144.949737548828125 145.0399627685546875 145.1299896240234375 145.230072021484375 145.350128173828125 145.470367431640625 145.6003875732421875 145.729339599609375 145.8503875732421875 145.9901580810546875 146.140106201171875 146.2991485595703125 146.4607696533203125 146.6496124267578125 146.83038330078125 147.008514404296875 147.1874237060546875 147.310333251953125 147.41021728515625 147.45025634765625 147.480194091796875 147.4997406005859375 147.50982666015625 147.5001983642578125 147.4899139404296875 147.459808349609375 147.42022705078125 147.389801025390625 147.360015869140625 147.3196563720703125 147.2495269775390625 147.2102813720703125 147.1900787353515625 147.1697540283203125 147.1304779052734375 147.10980224609375 147.0899505615234375
144.70989990234375 144.7600555419921875 144.8300323486328125 144.9001922607421875 144.9795989990234375 145.0603790283203125 145.159515380859375 145.2505645751953125 145.3603363037109375 145.4891815185546875 145.6101531982421875 145.7395172119140625 145.8606414794921875 145.989898681640625 146.120147705078125 146.2600555419921875 146.4014892578125 146.5595245361328125 146.7375335693359375 146.8981170654296875 147.022491455078125 147.1728668212890625 147.320098876953125 147.4098663330078125 147.4500274658203125 147.4600982666015625 147.4603729248046875 147.469818115234375 147.45001220703125 147.419891357421875 147.360321044921875 147.30023193359375 147.24969482421875 147.2097930908203125 147.1789703369140625 147.170196533203125 147.170196533203125 147.170196533203125 147.170196533203125 147.159820556640625 147.1400299072265625 147.1302337646484375
144.770111083984375 144.8397369384765625 144.9101715087890625 144.999481201171875 145.0706329345703125 145.1696624755859375 145.2703094482421875 145.379486083984375 145.4900054931640625 145.610321044921875 145.739837646484375 145.8694915771484375 145.9999542236328125 146.1298828125 146.2515869140625 146.3802947998046875 146.507965087890625 146.609832763671875 146.743988037109375 146.9253387451171875 147.136688232421875 147.2984466552734375 147.409912109375 147.4506683349609375 147.4793853759765625 147.4700469970703125 147.4498748779296875 147.439849853515625 147.4102630615234375 147.36981201171875 147.2999725341796875 147.20965576171875 147.170196533203125 147.170196533203125 147.170196533203125 147.170196533203125 147.170196533203125 147.1899871826171875 147.2002105712890625 147.1897735595703125 147.1800994873046875 147.2104034423828125
144.8297576904296875 144.900115966796875 144.9801483154296875 145.0799713134765625 145.1699676513671875 145.269989013671875 145.3798065185546875 145.490325927734375 145.6097259521484375 145.730255126953125 145.859588623046875 145.981903076171875 146.1317138671875 146.259552001953125 146.3880157470703125 146.4689788818359375 146.521575927734375 146.654296875 146.87420654296875 147.0672607421875 147.250274658203125 147.420928955078125 147.549285888671875 147.5605316162109375 147.5108489990234375 147.4894866943359375 147.44091796875 147.4201202392578125 147.3995513916015625 147.3404083251953125 147.26983642578125 147.170196533203125 147.170196533203125 147.170196533203125 147.170196533203125 147.1988372802734375 147.239959716796875 147.239471435546875 147.22857666015625 147.19036865234375 147.210540771484375 147.3099365234375
144.8704071044921875 144.959869384765625 145.0501861572265625 145.159759521484375 145.2598876953125 145.360321044921875 145.4801177978515625 145.599822998046875 145.720458984375 145.8500518798828125 145.9819183349609375 146.11944580078125 146.276885986328125 146.320587158203125 146.390838623046875 146.4810943603515625 146.6087493896484375 146.7674407958984375 146.9410858154296875 147.139984130859375 147.3406829833984375 147.548828125 147.7091064453125 147.7287139892578125 147.6010589599609375 147.52001953125 147.4889984130859375 147.4302825927734375 147.4001007080078125 147.3597869873046875 147.2996063232421875 147.1915283203125 147.170196533203125 147.170196533203125 147.2747344970703125 147.2896575927734375 147.2664031982421875 147.1497955322265625 147.09210205078125 147.119659423828125 147.1993560791015625 147.3405609130859375
144.929779052734375 145.02008056640625 145.12005615234375 145.2300567626953125 145.3398895263671875 145.4500274658203125 145.5794677734375 145.7007598876953125 145.829986572265625 145.9596710205078125 146.1075592041015625 146.1705322265625 146.2612457275390625 146.3598785400390625 146.45001220703125 146.549530029296875 146.6503753662109375 146.8005218505859375 146.9799652099609375 147.1799468994140625 147.3899078369140625 147.6012420654296875 147.788787841796875 147.82781982421875 147.6688232421875 147.5112457275390625 147.479736328125 147.4404449462890625 147.4198760986328125 147.390289306640625 147.3703765869140625 147.359954833984375 147.386199951171875 147.35797119140625 147.3190765380859375 147.18963623046875 147.026885986328125 146.903228759765625 146.8882904052734375 146.949005126953125 147.0504150390625 147.192626953125
144.980194091796875 145.0800628662109375 145.1898040771484375 145.30010986328125 145.410125732421875 145.5206298828125 145.65032958984375 145.788665771484375 145.8992156982421875 145.9805755615234375 146.1006011962890625 146.2099761962890625 146.31982421875 146.4200286865234375 146.51995849609375 146.6100006103515625 146.6907196044921875 146.82952880859375 147 147.190521240234375 147.389892578125 147.5788726806640625 147.6999053955078125 147.7100067138671875 147.61041259765625 147.50030517578125 147.47003173828125 147.4692840576171875 147.450286865234375 147.4405364990234375 147.4396209716796875 147.41943359375 147.379913330078125 147.30029296875 147.1815948486328125 147.010162353515625 146.8010101318359375 146.6315460205078125 146.60650634765625 146.700469970703125 146.8289337158203125 146.94873046875
145.0398712158203125 145.13995361328125 145.2503814697265625 145.3700103759765625 145.4797515869140625 145.58905029296875 145.6895294189453125 145.78057861328125 145.890289306640625 146.00018310546875 146.1302032470703125 146.26025390625 146.3895111083984375 146.490325927734375 146.5998687744140625 146.689666748046875 146.759979248046875 146.850738525390625 147.0097808837890625 147.1891021728515625 147.350311279296875 147.489837646484375 147.569732666015625 147.5706939697265625 147.539306640625 147.4700164794921875 147.4403839111328125 147.4506072998046875 147.4698486328125 147.478546142578125 147.4295654296875 147.360198974609375 147.2806549072265625 147.1902313232421875 147.059112548828125 146.8604278564453125 146.6193389892578125 146.374847412109375 146.298797607421875 146.448516845703125 146.5792999267578125 146.6666412353515625
145.09014892578125 145.19049072265625 145.30938720703125 145.4189300537109375 145.499908447265625 145.5711822509765625 145.6802978515625 145.7899932861328125 145.9097900390625 146.040130615234375 146.189483642578125 146.329803466796875 146.460205078125 146.5701904296875 146.6796417236328125 146.7603607177734375 146.8396453857421875 146.9007720947265625 147.02032470703125 147.170440673828125 147.3097381591796875 147.4001922607421875 147.4500885009765625 147.4596710205078125 147.44049072265625 147.42047119140625 147.4199981689453125 147.4390716552734375 147.41949462890625 147.370758056640625 147.320526123046875 147.2699737548828125 147.19989013671875 147.0998687744140625 146.9601593017578125 146.7687530517578125 146.53765869140625 146.293060302734375 146.2297821044921875 146.299407958984375 146.3596954345703125 146.3836822509765625
145.1392669677734375 145.238861083984375 145.320220947265625 145.40185546875 145.5302734375 145.6394805908203125 145.7300567626953125 145.8199310302734375 145.9303436279296875 146.07977294921875 146.2400665283203125 146.4004364013671875 146.5493621826171875 146.66021728515625 146.7601776123046875 146.849822998046875 146.929931640625 146.99951171875 147.07049560546875 147.189697265625 147.289947509765625 147.349945068359375 147.37005615234375 147.37091064453125 147.3898773193359375 147.3993072509765625 147.3700714111328125 147.340179443359375 147.3003387451171875 147.2697296142578125 147.22979736328125 147.18017578125 147.11968994140625 147.020172119140625 146.889068603515625 146.7015228271484375 146.51043701171875 146.3288726806640625 146.21038818359375 146.2003936767578125 146.1912841796875 146.1569061279296875
145.1309814453125 145.2334747314453125 145.3909149169921875 145.52935791015625 145.6499481201171875 145.7401275634765625 145.809539794921875 145.8604583740234375 145.9594268798828125 146.119964599609375 146.301025390625 146.48919677734375 146.64031982421875 146.7595672607421875 146.8499755859375 146.9299774169921875 147.0098724365234375 147.0799407958984375 147.140350341796875 147.220550537109375 147.2899017333984375 147.3298797607421875 147.340362548828125 147.359344482421875 147.3502960205078125 147.3399505615234375 147.299896240234375 147.239959716796875 147.1804351806640625 147.1500701904296875 147.120147705078125 147.089599609375 147.030242919921875 146.94989013671875 146.8305206298828125 146.67962646484375 146.5092010498046875 146.3398284912109375 146.2109375 146.180145263671875 146.102142333984375 145.873016357421875
145.2384796142578125 145.4090728759765625 145.589202880859375 145.7314453125 145.8304443359375 145.880035400390625 145.9006195068359375 145.9295196533203125 145.9728240966796875 146.1686859130859375 146.388671875 146.5910491943359375 146.7501678466796875 146.850311279296875 146.9296875 147.0002593994140625 147.08038330078125 147.1604156494140625 147.22998046875 147.28875732421875 147.30029296875 147.320068359375 147.3299560546875 147.330291748046875 147.319915771484375 147.2800750732421875 147.2198486328125 147.1402587890625 147.0799713134765625 147.0396728515625 147.01007080078125 146.9802398681640625 146.9495849609375 146.889892578125 146.7996673583984375 146.649627685546875 146.4712066650390625 146.310394287109375 146.1993560791015625 146.1494140625 146.0133819580078125 145.435516357421875
145.41119384765625 145.61962890625 145.8294525146484375 145.988128662109375 146.058624267578125 146.0597686767578125 146.0494384765625 146.0407257080078125 146.0898895263671875 146.241119384765625 146.4815826416015625 146.729217529296875 146.8895721435546875 146.94964599609375 146.9907684326171875 147.0802001953125 147.1703948974609375 147.2389984130859375 147.2588653564453125 147.2507781982421875 147.28021240234375 147.2998504638671875 147.309844970703125 147.3100738525390625 147.289947509765625 147.22003173828125 147.1299896240234375 147.0399627685546875 146.96978759765625 146.9108428955078125 146.8996124267578125 146.869873046875 146.840240478515625 146.80999755859375 146.759918212890625 146.6031341552734375 146.4062347412109375 146.18658447265625 145.9873504638671875 145.857757568359375 145.5525665283203125 144.85986328125
145.59991455078125 145.809661865234375 146.036590576171875 146.197418212890625 146.2393798828125 146.210540771484375 146.19024658203125 146.189788818359375 146.22003173828125 146.3339080810546875 146.58758544921875 146.856719970703125 146.9982147216796875 147.0006561279296875 147.05035400390625 147.1393890380859375 147.2077484130859375 147.16973876953125 147.1317291259765625 147.1585693359375 147.2287445068359375 147.2301177978515625 147.240142822265625 147.2596435546875 147.2393341064453125 147.139892578125 147.02008056640625 146.9203033447265625 146.8498992919921875 146.7999725341796875 146.7796783447265625 146.750213623046875 146.73968505859375 146.731231689453125 146.73956298828125 146.5765838623046875 146.220458984375 145.8932342529296875 145.5855255126953125 145.28839111328125 144.899566650390625 144.2400360107421875
